%%%%%%%%%%%%%%%%%%%%%%%%%%%%%%%%%
%                               %
%          Kuka DH Table        %
%                               %
% %%%%%%%%%%%%%%%%%%%%%%%%%%%%%%%

DH_a     = [0 0 0 0 0 0 0]';

DH_alpha = [90 -90 90 -90 90 -90 0]'/180*pi;

DH_d     = [0.3105 0 0.4 0 0.39 0 0.078]';

DH_theta = [0.1055 1.2401 0.7806 1.2480 2.2349 2.1344 2.1260]';

DH = [DH_a DH_alpha DH_d DH_theta];